chromosome	position	GC.percent	good.reads	adjusted.ratio	F	mutation	CNn	CNt	Mt	LPP
chr1	12825431	44	372	1.99526501092477	0.586	T>G	2	5	4	-11.0836683096134
chr1	16582634	62	88	1.99526501092477	0.227	T>C	2	5	1	-11.9555997494627
chr1	16587920	38	208	1.99526501092477	0.135	A>G	2	5	1	-10.3136708628628
chr1	16761087	62	48	1.99526501092477	0.167	G>A	2	5	1	-10.2605351709156
chr1	17228702	60	323	1.99526501092477	0.115	G>T	2	5	1	-10.7456908474243
chr1	25837630	46	117	1.99526501092477	0.222	G>T	2	5	1	-11.5232052294759
chr1	42154660	58	83	1.82409792568715	0.253	C>G	2	4	1	-11.3471268679383
chr1	44219469	62	69	1.82409792568715	0.13	A>C	2	4	1	-11.3976186294346
chr1	44992171	48	144	2.25475404623156	0.354	A>T	2	5	2	-10.5635522376443
chr1	63629653	56	210	1.60736597903112	0.352	C>T	2	3	2	-13.6221887193861
chr1	67329679	44	178	1.60736597903112	0.191	C>A	2	3	1	-10.9529683158747
chr1	74736593	42	54	1.60736597903112	0.148	A>G	2	3	1	-12.5266514968988
chr1	94098791	58	128	1.48418452077406	0.32	T>G	2	3	1	-12.2043959480312
chr1	97549698	42	188	1.48418452077406	0.176	T>G	2	3	1	-11.1631708274081
chr1	99842604	42	77	1.35029937505067	0.325	C>T	2	3	1	-12.3915212929082
chr1	120462305	38	422	1.89032839453052	0.104	A>T	2	4	1	-13.0920198477793
chr1	120833672	42	48	1.89032839453052	0.771	G>A	2	4	4	-10.2880531017824
chr1	143599856	42	226	3.34754302677976	0.212	T>A	2	8	2	-10.1447763586087
chr1	146018566	52	202	3.34754302677976	0.173	C>A	2	8	2	-10.733699887436
chr1	146069496	50	123	3.34754302677976	0.211	A>C	2	8	2	-10.1447763586087
chr1	147178533	52	52	3.37543025571249	0.25	G>T	2	8	2	-10.5055939090554
chr1	148591085	46	141	3.14071978038624	0.17	C>T	2	8	2	-10.7510789705056
chr1	150352792	20	146	3.14071978038624	0.199	A>G	2	8	2	-10.2151479718188
chr1	151165275	54	162	2.21682250606617	0.191	C>T	2	5	1	-10.4887169545982
chr1	152305432	60	320	2.21682250606617	0.166	A>T	2	5	1	-10.172247811102
chr1	152776551	72	74	2.21682250606617	0.216	C>T	2	5	1	-11.4349178696623
chr1	152776563	72	71	2.21682250606617	0.169	T>C	2	5	1	-10.172247811102
chr1	152776564	72	72	2.21682250606617	0.181	G>T	2	5	1	-10.2973880919488
chr1	152776569	72	67	2.21682250606617	0.164	C>T	2	5	1	-10.1162421351418
chr1	155172689	64	118	2.21682250606617	0.11	A>G	2	5	1	-11.0075240768076
chr1	156172771	62	141	2.64444938786202	0.206	G>A	2	6	2	-11.3884969193267
chr1	156293588	56	83	2.64444938786202	0.554	G>A	2	6	4	-10.410427548949
chr1	227493884	58	85	1.27101840995367	0.118	C>T	2	2	1	-20.2281296953091
chr1	227493885	58	83	1.27101840995367	0.12	C>T	2	2	1	-20.2281296953091
chr1	247921552	56	69	1.27101840995367	0.101	A>G	2	2	1	-22.7335352125609
chr1	248387772	50	168	1.27101840995367	0.179	T>C	2	2	1	-14.7471753158365
chr2	46759816	48	208	1.32563603987396	0.202	G>A	2	3	1	-10.8316649860746
chr2	69245210	50	103	1.47269101257561	0.282	C>A	2	3	1	-10.8733954457899
chr2	74472716	60	46	1.47269101257561	0.37	C>T	2	3	2	-12.616404681274
chr2	91892447	42	115	1.93020573556073	0.104	T>C	2	4	1	-13.1115913293284
chr2	91892501	30	99	1.93020573556073	0.111	A>G	2	4	1	-12.4508870505126
chr2	95917987	20	90	1.31514640643293	0.378	A>C	2	3	2	-12.4049535790379
chr2	101281757	46	107	1.31514640643293	0.234	C>T	2	3	1	-10.5080897237639
chr2	107871373	50	287	1.31514640643293	0.108	G>C	2	3	1	-15.4374152018539
chr2	140501728	40	62	1.31514640643293	0.177	C>T	2	3	1	-11.350296172285
chr2	161416872	60	74	1.31514640643293	0.149	C>T	2	3	1	-12.6328820667142
chr2	165138114	36	125	1.31514640643293	0.224	A>T	2	3	1	-10.5581213530214
chr2	169188170	44	257	1.31514640643293	0.233	C>T	2	3	1	-10.5080897237639
chr2	178663183	20	103	1.31514640643293	0.117	A>T	2	3	1	-14.6048684634127
chr2	178768913	38	113	1.31514640643293	0.248	G>C	2	3	1	-10.5728465798459
chr2	201835693	56	79	1.4709125032091	0.139	G>A	2	3	1	-13.0208708354857
chr3	9994403	46	65	1.80822183020972	0.154	A>C	2	4	1	-10.7307578502244
chr3	27719410	40	158	1.37087548091643	0.665	C>T	2	3	3	-11.0967629742228
chr3	48120721	44	723	1.37087548091643	0.12	G>A	2	3	1	-14.5017751713089
chr3	51333196	56	232	1.37087548091643	0.69	C>A	2	3	3	-10.5814258142242
chr3	52355079	70	93	1.37087548091643	0.151	C>T	2	3	1	-12.5297887746105
chr3	75665034	56	48	1.52960980975438	0.125	C>T	2	3	1	-14.4177431185358
chr3	75669107	56	139	1.52960980975438	0.129	G>A	2	3	1	-13.676538643022
chr3	75737234	36	61	1.52960980975438	0.213	C>G	2	3	1	-10.4782184257502
chr3	75737236	36	66	1.52960980975438	0.182	T>C	2	3	1	-11.1631708274081
chr3	75737252	48	62	1.52960980975438	0.226	A>T	2	3	1	-10.3209643788869
chr3	75737435	44	47	1.52960980975438	0.149	G>T	2	3	1	-12.4457567218373
chr3	75737442	44	44	1.52960980975438	0.159	C>A	2	3	1	-11.9468771690897
chr3	75737447	44	44	1.52960980975438	0.159	G>A	2	3	1	-11.9468771690897
chr3	114350571	58	60	1.89379440308753	0.2	C>A	2	4	1	-10.2558095881017
chr3	133380573	64	57	2.07817915703935	0.14	G>A	2	5	1	-10.246841953912
chr3	185418804	54	51	3.30405603958895	0.373	C>T	2	8	3	-10.7476656979977
chr3	195971341	56	209	3.22267352957392	0.11	C>A	2	8	1	-9.88960210199301
chr4	272273	42	76	1.12466003648186	0.105	T>A	2	2	1	-22.5942449272293
chr4	55107661	40	153	1.0325129247491	0.444	G>A	2	2	1	-14.3174210026481
chr4	152770528	48	84	1.0325129247491	0.298	C>T	2	2	1	-10.5429624271659
chr5	36217845	56	151	1.34369715829927	0.238	C>T	2	3	1	-10.5135211137611
chr5	95755791	34	286	1.51808429092176	0.171	C>A	2	3	1	-11.5204566958056
chr5	99948735	40	127	1.55434263241864	0.205	G>A	2	3	1	-10.6641978643004
chr5	141366743	42	54	1.88933589616582	0.111	C>T	2	4	1	-12.4313155689634
chr5	162068118	52	100	1.72707955763592	0.19	C>T	2	4	1	-10.3039532463249
chr5	172769692	48	106	1.78832096223006	0.104	C>T	2	4	1	-13.1158867153277
chr5	173613251	42	140	1.336	0.15	G>A	2	3	1	-12.6328820667142
chr6	12514737	38	69	1.50665341428757	0.29	C>T	2	3	1	-11.1352081382633
chr6	25550863	58	44	1.50665341428757	0.25	C>T	2	3	1	-10.385721234969
chr6	30723482	68	78	2.16107330304138	0.295	C>T	2	5	2	-10.4632135561101
chr6	33278070	54	59	1.6966376710405	0.119	G>A	2	4	1	-11.9594328635561
chr6	33316769	64	51	1.6966376710405	0.451	G>A	2	4	2	-11.4792072144511
chr6	105288766	50	97	1.31783822817891	0.216	G>A	2	3	1	-10.5581213530214
chr6	110667592	20	75	1.31783822817891	0.547	A>T	2	3	2	-11.8404784115758
chr6	110667593	20	77	1.31783822817891	0.532	C>A	2	3	2	-11.3090059388739
chr6	160136215	60	92	1.31783822817891	0.413	C>T	2	3	2	-11.4595302932018
chr7	2571534	48	41	1.45306146418134	0.146	T>C	2	3	1	-12.4673204132762
chr7	48903416	34	146	1.45306146418134	0.24	C>T	2	3	1	-10.347959460323
chr7	63456623	38	42	1.76125152261694	0.167	A>T	2	4	1	-10.3455120986187
chr7	75475065	46	132	1.76125152261694	0.364	A>G	2	4	2	-10.5466299149212
chr7	76440655	46	352	1.76125152261694	0.114	C>T	2	4	1	-12.4551824365118
chr7	135701676	50	68	1.45010264057624	0.176	T>G	2	3	1	-11.1847345188469
chr7	142308580	68	51	1.45010264057624	0.176	C>G	2	3	1	-11.1847345188469
chr7	142308668	48	116	1.45010264057624	0.241	A>G	2	3	1	-10.347959460323
chr7	142308679	48	126	1.45010264057624	0.214	T>C	2	3	1	-10.499782117189
chr7	142451551	60	262	1.27651585478798	0.176	G>A	2	2	1	-14.7471753158365
chr7	142492792	44	147	1.27651585478798	0.17	G>T	2	2	1	-15.4755248656248
chr7	142492795	44	141	1.27651585478798	0.17	G>C	2	2	1	-15.4755248656248
chr7	142492804	46	125	1.27651585478798	0.184	A>T	2	2	1	-14.7471753158365
chr7	142492807	46	121	1.27651585478798	0.19	G>A	2	2	1	-14.0850143478508
chr7	142492813	46	114	1.27651585478798	0.219	C>T	2	2	1	-12.4707457710095
chr7	148229882	34	224	1.52400085341492	0.491	G>C	2	3	2	-10.5354777926733
chr7	150952808	70	62	1.52400085341492	0.129	C>T	2	3	1	-13.676538643022
chr8	3409550	58	49	1.84017130296372	0.163	C>G	2	4	1	-10.4780385671415
chr8	6899233	60	84	1.84017130296372	0.202	C>T	2	4	1	-10.2558095881017
chr8	12095189	42	150	1.84017130296372	0.113	T>G	2	4	1	-12.4313155689634
chr8	12178771	60	46	1.84017130296372	0.304	G>C	2	4	2	-11.8639341315375
chr8	12628809	30	140	1.84017130296372	0.279	T>A	2	4	1	-12.6448824903984
chr8	12636051	44	71	1.84017130296372	0.225	T>C	2	4	1	-10.5223202294745
chr8	132933374	42	117	1.82877535109914	0.111	C>A	2	4	1	-12.4313155689634
chr8	138168069	60	200	1.82877535109914	0.21	G>T	2	4	1	-10.3595155098672
chr9	63762406	44	107	1.51918221405263	0.187	T>C	2	3	1	-10.8720735408132
chr9	63762742	58	50	1.51918221405263	0.1	C>T	2	3	1	-16.1810212730059
chr9	82059307	54	197	1.09659166115977	0.102	A>T	2	2	1	-22.6274630743286
chr9	97322922	54	66	1.09659166115977	0.227	G>C	2	2	1	-11.9435783221288
chr10	30629668	58	174	2.6863826782	0.132	T>C	2	6	1	-10.0503334648954
chr10	31361198	50	360	2.6863826782	0.114	T>C	2	6	1	-10.3090446730168
chr10	32102660	52	116	2.6863826782	0.112	G>C	2	6	1	-10.3090446730168
chr10	35175792	32	184	2.6863826782	0.103	A>G	2	6	1	-10.5822560861289
chr10	42271917	20	57	1.11368406533368	0.211	C>A	2	2	1	-12.8097415846744
chr10	73802810	46	179	1.99688092235525	0.218	G>T	2	5	1	-11.5232052294759
chr10	100980795	60	79	1.76726538168169	0.253	C>T	2	4	1	-11.3709937354866
chr10	124042425	58	63	1.12575232217092	0.397	C>T	2	2	1	-12.2895848757368
chr11	22749318	34	136	1.36466350052905	0.169	C>A	2	3	1	-11.6044887485787
chr11	27412976	36	120	1.36466350052905	0.233	T>C	2	3	1	-10.4049964316601
chr11	45910889	58	113	1.82858899150217	0.23	C>T	2	4	1	-10.7423157374301
chr11	48464763	52	462	1.93816097746107	0.201	A>G	2	4	1	-10.2753810696508
chr11	48496792	60	123	1.93816097746107	0.154	G>T	2	4	1	-10.7264624642251
chr11	64365266	54	61	2.24419890356689	0.148	C>T	2	5	1	-10.1326955386451
chr11	75272777	50	43	1.76991734054903	0.279	C>A	2	4	1	-12.6687493579468
chr11	77961058	44	295	1.76991734054903	0.217	G>C	2	4	1	-10.5461870970229
chr11	105905294	40	73	1.66766496157531	0.233	C>A	2	4	1	-10.8329526332509
chr11	117395596	64	92	1.9995960977359	0.12	C>G	2	5	1	-10.7456908474243
chr11	117396038	64	116	1.9995960977359	0.138	A>C	2	5	1	-10.3136708628628
chr11	124265399	38	476	1.33789148703801	0.174	G>A	2	3	1	-11.7075820406825
chr11	134149127	60	74	1.64505283238882	0.378	C>T	2	3	2	-12.2987230092225
chr12	7896596	48	200	1.53456634800952	0.14	T>C	2	3	1	-13.0405290585884
chr12	7898839	36	160	1.53456634800952	0.188	A>G	2	3	1	-10.8917317639159
chr12	10882508	62	65	1.53456634800952	0.169	T>C	2	3	1	-11.5401149189083
chr12	11267520	58	62	1.53456634800952	0.113	C>T	2	3	1	-15.2699480800797
chr12	18081490	36	82	1.53456634800952	0.22	C>A	2	3	1	-10.3906542312472
chr12	45850348	50	300	1.58778147041637	0.463	C>T	2	3	2	-10.5315704250888
chr12	48865807	62	96	1.58778147041637	0.25	G>A	2	3	1	-10.4053794580717
chr12	57175762	58	147	1.58778147041637	0.116	G>A	2	3	1	-14.4374013416385
chr12	119770858	44	218	1.68859825912664	0.413	C>T	2	4	2	-10.6837255660354
chr12	122336719	50	276	1.68859825912664	0.203	C>A	2	4	1	-10.3464464839225
chr14	104949970	48	92	1.05175498657375	0.12	C>T	2	2	1	-20.1949431863496
chr15	20262655	52	58	0.834655464534844	0.31	G>A	2	1	1	-14.4888873286778
chr15	23163161	56	66	0.834655464534844	0.121	G>C	2	1	0	-29.5403932148431
chr15	51535754	42	308	1.47303400317367	0.166	A>G	2	3	1	-11.5204566958056
chr15	68209517	62	158	1.47303400317367	0.12	G>A	2	3	1	-14.4177431185358
chr15	73740290	74	63	1.47303400317367	0.159	G>A	2	3	1	-11.9468771690897
chr15	78774598	58	43	1.47303400317367	0.116	A>G	2	3	1	-14.4177431185358
chr15	83982500	54	203	1.47303400317367	0.478	C>T	2	3	2	-10.4879290935919
chr16	8764646	64	66	1.25428427466369	0.212	A>G	2	2	1	-12.9490318700061
chr16	23068811	60	65	1.25428427466369	0.154	C>T	2	2	1	-17.1429522544382
chr16	33845021	62	311	1.68582209477473	0.357	T>C	2	4	2	-10.6133999431936
chr16	69977834	36	62	0.844404460086202	0.258	T>C	2	1	1	-18.0827993755214
chr16	74391804	58	187	0.844404460086202	0.118	G>A	2	1	0	-29.600456057747
chr16	74391805	58	182	0.844404460086202	0.121	G>A	2	1	0	-29.600456057747
chr17	4955861	60	104	2.82831080150058	0.385	C>T	2	7	3	-10.3954411704561
chr17	7792315	50	396	2.82831080150058	0.139	C>G	2	7	1	-10.1656029147112
chr17	10497336	36	54	1.17343090415604	0.296	T>C	2	2	1	-10.4433860459044
chr17	15717333	28	105	1.17343090415604	0.133	G>A	2	2	1	-18.9830986481835
chr17	40477469	46	2737	1.43790893480844	0.977	C>T	2	3	3	-35.5130316064685
chr17	42807969	48	121	1.43790893480844	0.488	A>T	2	3	2	-10.5570414841121
chr17	45404531	62	80	1.43790893480844	0.7	G>A	2	3	3	-10.4384521570272
chr18	14814652	42	44	3.08589959924805	0.273	G>T	2	8	3	-10.9505965994711
chr18	26593387	60	49	1.7837951148291	0.184	A>G	2	4	1	-10.2582533674343
chr18	49470164	56	50	0.823159924796915	0.16	C>G	2	1	1	-29.1479413233672
chr18	49470165	56	50	0.823159924796915	0.16	A>C	2	1	1	-29.1479413233672
chr18	49470174	56	49	0.823159924796915	0.163	A>C	2	1	1	-29.1479413233672
chr18	49837561	48	40	0.823159924796915	0.1	G>C	2	1	0	-24.45579763205
chr19	17331380	60	63	1.5276637881842	0.19	C>A	2	3	1	-10.8720735408132
chr19	23222728	36	504	1.5276637881842	0.149	T>C	2	3	1	-12.4457567218373
chr19	39468802	56	173	2.92955557557005	0.127	G>C	2	7	1	-10.0057840229815
chr19	43798287	56	53	1.45591253886676	0.17	T>C	2	3	1	-11.5420203872444
chr19	49359483	56	147	2.58494687334638	0.116	G>A	2	6	1	-10.1145479221297
chr19	50686389	40	131	2.29776978324218	0.733	C>T	2	5	5	-11.8885261332489
chr19	54222354	54	118	2.85638473485049	0.11	T>C	2	7	1	-9.97559433860164
chr19	54256378	62	76	2.85638473485049	0.184	C>T	2	7	2	-11.271537881935
chr19	54573737	54	59	1.87469916438948	0.271	G>C	2	4	1	-12.1619273026556
chr19	54574032	58	152	1.87469916438948	0.204	C>T	2	4	1	-10.2558095881017
chr19	54595583	66	70	1.87469916438948	0.1	G>A	2	4	1	-13.0920198477793
chr19	54635277	62	46	1.87469916438948	0.109	T>C	2	4	1	-12.4313155689634
chr19	54760234	44	285	1.87469916438948	0.4	T>G	2	4	2	-10.4958253647894
chr19	54773118	58	303	1.87469916438948	0.112	G>C	2	4	1	-12.4313155689634
chr19	54778873	42	382	2.52313857254143	0.196	C>T	2	6	1	-11.601504468126
chr19	54835254	62	51	2.18195267706621	0.118	T>C	2	5	1	-10.6574034876107
chr19	54847565	48	287	2.18195267706621	0.153	G>A	2	5	1	-10.1326955386451
chr19	54847603	50	431	2.18195267706621	0.158	A>G	2	5	1	-10.1162421351418
chr20	29746546	46	63	2.79744193451864	0.111	C>A	2	7	1	-9.97559433860164
chr21	10388298	60	67	2.23488900807445	0.134	A>G	2	5	1	-10.3986251613413
chr22	10959078	40	120	2.1467518508192	0.125	G>A	2	5	1	-10.6788619384736
chr22	26340633	44	246	1.66942370040837	0.459	G>A	2	4	2	-11.7785512266507
chr22	37665643	66	97	1.66942370040837	0.526	C>T	2	4	3	-10.9363076840339
chr22	45547061	48	74	1.66942370040837	0.554	G>A	2	4	3	-10.6568499405195
chrX	66056237	42	110	0.977273662811585	0.255	C>G	2	2	1	-11.3444392687864
chrX	71383097	50	110	0.977273662811585	0.245	G>A	2	2	1	-11.9154497594952
chrX	74591860	48	71	0.977273662811585	0.127	A>G	2	2	1	-19.3472931289322
chrX	74591902	48	103	0.977273662811585	0.107	T>A	2	2	1	-21.6631717056688
chrX	74591904	48	105	0.977273662811585	0.105	A>G	2	2	1	-22.9649668030886
chrX	115010768	38	146	0.977273662811585	0.363	A>G	2	2	1	-11.3989104375031
chrX	119089536	54	328	0.977273662811585	0.421	C>T	2	2	1	-13.5399050306802
chrX	142195024	40	71	1.27908848622388	0.155	T>G	2	2	1	-16.2730090202998
chrX	150795273	46	222	1.27908848622388	0.198	C>T	2	2	1	-13.4864167668444
